competition:
  start:
    position: 
      x: 412.4720458984375
      y: 260.1369934082031
      z: 0.0012412451906129718
    orientation: 
      x: 0.00011282603550397809
      y: -9.243011059612676e-05
      z: 0.7747167695161665
      w: 0.6323083945017616
  goal:
    position: 
      x: 282.2439270019531
      y: 246.85946655273438
      z: 0.005777568556368351
    orientation: 
      x: 1.1428493054585524e-06
      y: 0.00016003452058701429
      z: -0.00580472903185659
      w: 0.99998313961212

  traffic_rules: false
  ready_for_ego: false
  town_name: 'Town04'
  spawn_npc:
    n: 50
    w: 50
    s: 7 # seed